ID,vis_LOInsight_1,vis_HIInsight_1,verb_cov_1,GV1,vis_LOInsight_2,vis_HIInsight_2,verb_cov_2,GV2,vis_LOInsight_3,vis_HIInsight_3,verb_cov_3,GV3,vis_LOInsight_4,vis_HIInsight_4,verb_cov_4,GV4
sub-06,-0.241106787772997,0.440997350885574,0.262643685122257,-0.0463522518497983,0.180179539903578,0.326668561354223,0.20539405541354,-0.0431790331764573,-0.21755758106321,0.507330543183265,0.271303239021526,-0.0162688657175173,0.36361473867452,0.258058710696008,0.282218417975017,-0.028672145901087
sub-12,-0.4066379473926,0.41472300379881,0.239387382296632,-0.0451120172568371,0.268894511410601,0.181048441738931,0.210998776065679,-0.0589699882614061,0.172172371876763,0.21807200078191,0.24535612172321,-0.0413379499836185,0.546862625945763,0.221033649730987,-0.0571476076635982,-0.0373819684178422
sub-13,0.0821186534569249,0.240826124886187,-0.0770186270691158,0.0170058473185654,-0.248005264370507,0.377168824604069,0.126042618403244,0.0242950533404691,0.269107334199793,0.332154876941984,0.196304817714525,0.0240406495196732,0.2726110128847,0.294134786204521,0.198659663903027,-0.0205896564316188
sub-14,-0.242842730291374,0.226623433411074,-0.105866340938404,-0.0452299485962812,0.30192226195693,0.148693184539818,0.0617080429733634,-0.0238743165336175,0.0778904694548032,0.282462173985616,0.219977712553825,-0.0231304011623298,-0.571966624926393,-0.0718639598060891,-0.392254571743956,-0.0563419513312673
sub-16,-6.94939421242501e-13,0.247056416805527,0.0906193737542337,-0.0138277442364317,-0.538134071256804,0.360127568042826,0.228078078046305,-0.0377902926718231,0.164043216856876,0.246783562909777,0.215997080191609,-0.0370723470035327,0.277205715739268,0.288333983928159,0.369554738801756,-0.0188702387774366
sub-17,-0.18954357602364,0.307801090571909,-0.143969664426229,-0.0461465101772221,-0.294977328299787,0.335595589014979,0.0621780416166179,-0.0249223559126219,0.202596058049712,0.166996498410124,-0.081367993902768,-0.0184831403727529,0.266791893129626,-0.232561022769549,-0.14127154970686,-0.0463521795171315
sub-19,-0.177676808797745,0.131843288815819,-0.0524153564724341,-0.0332135544683742,0.126809362794933,0.306229447230447,0.0886093063887916,-0.0379274191585056,0.0994906478170041,0.18637082896301,0.0860318697181941,-0.0190997246733588,-0.127248192302554,-0.114887381936383,-0.127930738456278,-0.00923270545364143
sub-20,0.279901647007059,0.505390000399001,0.117168270132207,-0.0629054777122869,-0.174895411620621,0.601082644604834,0.238450497047403,-0.0305900706484442,0.313177519242935,0.36403345626822,0.137262429245615,-0.0425965057298204,0.285731713249649,0.302654066879868,0.168675143373633,-0.029689411150704
sub-21,-0.427093792248892,0.580282247282715,0.301757257624681,-0.0505213421254137,-0.290477245025003,0.207780868707869,0.264182786282922,-0.0379931868335068,0.587827389577035,0.330082506292628,0.264851297345628,-0.0519263300573825,0.0821514757459976,0.380618886105737,0.200289149467415,0.0561134195517283
sub-22,0.176294097446347,0.362609101713448,-0.139447158221508,0.0518677606700379,0.153846915008821,0.368394574313101,0.13798413820043,-0.0392829910638134,0.184855863299496,-0.280978234107234,-0.3744676347312,-0.0446235395200862,0.309908905611388,0.460277253414975,0.413921745587548,-0.0483777628005771
sub-23,-0.483351871112367,0.874246660395978,0.205652214353738,0.0504314902770829,0.97368313441058,0.357832993668355,0.246370246670618,-0.0337566157118953,-0.332997416850322,0.520785922838299,-0.173619388327575,-0.0337726824772817,0.383112775148024,0.295088633656545,-0.215306744269449,0.0508292867795562
sub-24,0.173580081217245,0.14683827169173,0.0853547963251411,-0.0335296203037615,0.291279451893061,0.228406039161207,0.190898800419971,-0.0331089163012396,0.39101464042772,0.221473904806432,0.235456697162657,-0.0231736252421606,0.172109553235994,-0.103580519134864,-0.140267246908556,-0.0314518147556537
sub-25,0.249564925017969,0.223845382564178,0.135877122867283,-0.0464272107745949,0.249233958944242,0.183322355969819,0.117939735555934,-0.0275311394211601,0.249845056775093,0.109811621419282,-0.0561933636287522,-0.0199142731534118,0.222799342261334,0.220117593954221,0.165202789214187,0.011843592081466
sub-26,-0.207544884921956,0.248358300483061,-0.10711482445914,-0.0240065317780817,0.217685006226971,0.14601521623863,-0.0754454711019598,-0.0237329416090262,-0.17813082852416,0.194045556275514,-0.0999923827359241,-0.0211335779158815,-0.266189825317189,0.193061351578792,-0.101223626287924,0.0228749053042321
sub-27,-0.103837992069922,0.205152785699421,-0.0489425622563253,-0.0354171432137474,0.344436440147747,0.288516594425753,0.0849391636108948,0.0288481096265675,0.178643084764786,0.130237101978734,0.0782305469962658,-0.0367082965463023,0.240167589324201,0.382432922537462,0.248674452600176,-0.00668487334967166
sub-28,0.190367976764982,0.181206483268116,0.195111987669286,-0.0244582079057442,0.179842244874994,0.241680169864215,0.0889313459212848,-0.0213591233700419,-0.230680628822934,0.240516563017569,0.046791020047034,-0.0330522143106494,0.148639161026487,0.368061062943883,0.225827464771808,-0.0278649381623973
sub-29,0.346569058817948,0.497214132978245,0.153031719824018,-0.0652814943718576,0.342124917315368,0.325627956712009,0.238725814840511,-0.0275654395988537,0.223097576767528,0.365149840251405,0.145521474232498,-0.0312437306672562,0.298972108662973,0.285345400433264,0.190584458982862,-0.036343626592294
sub-31,0.261022591640962,0.330471008331223,0.134679879409701,-0.0400270900848979,0.157473301894047,0.525341058830085,0.133829814018044,-0.0277185897953131,0.16547929009812,0.270022501908174,0.0143111466415868,-0.0112924989060393,0.141125050229634,0.368591029548072,0.206543513286786,0.0250178474708191
sub-32,0.274697044174745,0.261177778722706,-0.0771251196461424,-0.0268500458062634,0.337273293623711,0.193893610381727,-0.241552035055004,-0.0319704623309149,0.264712215847882,0.297752084559588,0.184850378184705,0.0304762739190207,0.429117092332197,0.171823361888252,0.0748255583527368,-0.0224510881307244
sub-33,-0.301613567131877,0.479637737383812,0.191237470865026,-0.0233668689483019,-0.356113133691117,-0.309666541120718,0.2386667996668,-0.0626104914845596,-0.125564851261412,0.19979097440165,0.15224296105574,-0.0442105293353447,0.513116462159209,0.138718393933842,0.0717450219734259,-0.0354743414853591
sub-34,0.406092034973609,0.178125279645342,0.148203862234672,0.0348020593174182,0.186752473527293,0.262225741049899,-0.111074810981994,0.0450481494705557,0.609160619375799,0.233806530978498,0.127784655933862,0.0254371700601537,0.216523667957589,0.0728399530371362,0.214421645349052,0.0262505578147741
sub-35,0.245641267025561,0.180889482453465,0.0921703769311631,-0.0691007653935862,-0.136883327498306,-0.203144538568738,-0.134962989212019,-0.0181003486349049,-0.364230956211591,-0.178538072861802,-0.123245146095185,-0.0222000841956219,0.198224737516927,0.209345149616977,-0.0975711611436878,-0.0388190597335206
sub-37,-0.448316848556254,0.254003940564278,-0.0794186632744768,-0.024129623218009,0.453879177269638,-0.237256228464533,-0.159218267805139,-0.043150381442899,0.34958548533,0.285310146786395,0.0688833612503794,-0.00948873952526955,0.14775417334331,-0.13362003477896,-0.156312079661131,-0.0207977498145955
sub-38,0.136329791000979,0.144403869878059,-0.130983144159909,-0.0276871738102327,0.282379765632411,0.219480412520442,-0.0507890127321327,-0.0290121901344605,-0.173185982525889,0.292903300607488,-0.0746056236804057,-0.042928137103783,0.570218628703835,0.320589224489458,-0.096632283577651,-0.0165584817272952
sub-40,0.283110869677466,0.439047268746087,-0.10158954075872,-0.0813542376727089,0.294075851819402,0.151255022148404,-0.227031156896649,-0.0542078094572869,-0.0975245471601821,0.186969201371684,-0.15707329378356,-0.0340024885719679,0.0827652889724519,0.147715613155971,-0.169167213759556,-0.0521483280226623
sub-41,0.252990225237799,0.327689154884737,0.1569446089952,0.0141366614228398,-0.104384516004131,0.250611609315514,-0.115596301840365,0.00930919688433368,-0.335151849468148,0.276338354822531,0.154593772606234,-0.0130147743485938,0.234161300770717,0.127483667196168,0.114541886296484,-0.0224428550335941
sub-42,0.35366853227687,1.08951897808511,0.285344745117968,0.0170257439441466,0.362277338250414,0.288421627383319,0.380904770877967,0.0515915343850047,0.486073392967669,0.313561311547758,0.332520933924034,0.0265874456483068,0.426990156925397,0.246226518498421,-0.299540294686435,-0.00406938550938905
sub-44,0.236279784688912,0.338008180562784,0.210356816650994,-0.0426357560615647,0.225847643329363,0.190761011132151,0.363432554525681,-0.0433566070636332,0.297541461471786,0.228516154489485,0.330531050065404,-0.0627891115855675,0.539914645283592,0.173308612768252,0.430198640320945,-0.0534064066489593
sub-46,0.283266691885292,0.120196308500606,0.14476471962141,-0.0552525026728865,-0.0948714864383847,0.289699650181171,0.0856731484417846,-0.0188708000878136,-0.13021768247035,0.317441122806387,-0.0585078633838345,-0.0246274723333153,-0.114108330539743,0.148024333384733,-0.0722583844484464,-0.0195438447302767
sub-47,-0.112526476348582,0.245246323620051,0.199454727843746,-0.0508470234504302,0.109550212115387,0.33597923392274,0.247676086888182,0.0321912856499227,-0.295092605959719,0.441551189722102,0.227827279039692,0.0338766915856813,0.386313826223884,0.42743358990954,0.082625869069558,0.0416205005068781
sub-48,0.167411265454813,0.157470150668561,0.110031748175116,-0.00935546284248289,-0.132227652708521,0.125683873570684,0.136234324861322,-0.0305812881494524,0.262918811397926,0.301955814811671,0.201241575595519,0.041568917078063,-0.212483203528605,0.360480568239073,-0.103781841850014,-0.011309033860812