ID,vis_noRem_1,vis_RemnoI_1,vis_RemI_1,verb_cov_1,GV1,vis_noRem_2,vis_RemnoI_2,vis_RemI_2,verb_cov_2,GV2,vis_noRem_3,vis_RemnoI_3,vis_RemI_3,verb_cov_3,GV3,vis_noRem_4,vis_RemnoI_4,vis_RemI_4,verb_cov_4,GV4
sub-06,0.570550714927312,-0.280483589172876,0.391167751290341,0.267023835514067,-0.0456802857952106,-1.03655980840589e-11,0.282696766136996,0.341118129988936,0.227616206516125,-0.0404864709448825,0.103165491112282,-0.314325822203499,0.352756555783312,0.253212729577665,-0.0189062825426484,0.279152234668868,0.337434834784762,0.259477719348045,0.282744752720272,-0.0282535550019769
sub-12,-0.230665624248893,-0.312698943406378,0.448260118227102,0.23744090011051,-0.0464724635018247,0.141436000013554,-0.18332604465679,0.143285657362567,0.204912728347853,-0.0605546392885555,0.648739298010042,-0.142312672359023,-0.229790281128376,0.247936916418479,-0.0422227540434764,0.456883916331458,0.811801052790408,0.224162084542881,-0.0544007242512549,-0.0364048114238111
sub-13,0.242638293455301,0.137845926313291,0.206013953868149,-0.0608021784016175,0.0171483452947735,-0.322539090466349,0.340802795138406,0.315921296192169,0.115458079068539,0.0218710159954093,0.288310904913486,0.26220807911572,0.465351469459832,0.212881843224775,0.0260903811811758,-0.340824568263933,0.343692320723163,0.297771562039783,0.195852609434601,-0.0208277834597514
sub-14,0.101913414810741,0.552673280667794,0.262247609912688,-0.109136801651196,-0.0427766941163546,0.172100037968835,-0.30158813739979,0.155748688899511,0.0739990208262701,-0.0231942071897327,0.272443240404728,-0.0765254585771945,0.268107341946529,0.226951695488309,-0.0214904290759923,-0.432310471472877,-0.480148323266501,-0.150725382187558,-0.412047251722989,-0.062134673488095
sub-16,0.253619424458265,7.03698747155591e-13,0.364003202148713,0.114296479932358,-0.00980228870084546,0.62012528997781,-0.528981370015695,0.291748511598293,0.2326998039206,-0.0375817402146357,0.326510131892642,0.205178009323688,0.373789147904457,0.236136007366553,-0.0314924408333543,0.43394188126547,0.115781549451331,0.252479473205016,0.377380658595559,-0.0188506562176825
sub-17,-0.0629324666997527,-0.264985169042265,-0.340248194280923,-0.147761375699429,-0.0465050179407401,0.367499270663938,-0.527418333268731,0.439097466177385,0.0750765148882696,-0.0200001793650079,0.273319844386131,0.204957361781455,0.246511036193555,-0.0682141933824122,-0.0166694782891498,0.278902523367504,0.270566357962791,-0.198417187330583,-0.142441003807697,-0.0470292389251398
sub-19,0.113127174096886,-1.44050927631151e-12,0.128312046943534,-0.0523126172031578,-0.0349273229050858,0.268216113224013,0.0950807342375255,0.288866917334668,0.0897407035317505,-0.0373860408491475,0.128623151009173,-0.187464638610839,0.221050032453948,0.080898933722187,-0.02096117033994,-0.12821899439971,-0.0818839407495354,-0.169210910954801,-0.134589354663165,-0.0105257387556409
sub-20,0.252239097581534,-0.291950839190583,0.516774645028604,0.130957842094278,-0.0625332701355655,-0.341341936353565,0.241045679391089,0.599922363679576,0.236377701833338,-0.0298881695496669,0.374536840095052,0.304768428909222,0.427872573012039,0.139102075897698,-0.0426766476408009,0.190832950465593,0.232769682138107,0.339901843753834,0.166861750948424,-0.0305693994410512
sub-21,0.320516059407281,-1.04138967598186,0.85165424524054,0.28546293308663,-0.050115695776029,0.136670707092161,0.840936738359072,0.14432145032217,0.267389345217178,-0.032881812078364,0.0975853356122939,0.510144018959485,0.393059304602185,0.244534413706759,-0.0561483056208912,0.237447993702271,-0.558540390175725,0.369981300699194,0.208657450601217,0.054409329166075
sub-22,0.195651098524596,0.144077767195783,0.283305710268786,-0.127906701957159,0.0553575756636946,0.226974589649963,0.396818966941552,0.489974619874203,0.135806308744505,-0.0393427910893945,0.219064049662512,0.657294998533417,-0.111995360625051,-0.339448704358773,-0.0377011325033734,0.473621971414589,0.424404454090915,0.489686458452877,0.447632198395758,-0.0531355015603578
sub-23,0.364761797123194,-1.00396856694701,0.692106326687467,0.217152553895893,0.0397908677981839,0.376675264887435,1.29093930946133e-11,0.446584954260019,0.262389171228563,-0.0297501888853653,-0.507463086773616,-0.0785953111067533,0.734856503355575,-0.194443866745664,-0.0362321907714146,0.24704026202005,0.245492556603476,0.322416728874103,-0.208683426738701,0.0525217393669287
sub-24,0.0736720406372858,0.218029493369995,0.228028649337536,0.0841760659007972,-0.0324373548940277,0.226953207543677,0.374520347159587,0.294205806659278,0.202405347956702,-0.0310169577357692,0.175266332478977,0.467989681664498,0.288864360332041,0.247638116779107,-0.0249901490933352,-0.0803311461831482,0.417525101090153,0.252994317836476,-0.133929518176921,-0.0316512598476151
sub-25,0.201300082629505,0.339079157838027,0.204581031751017,0.148875596737317,-0.0492936180716141,0.157047336353889,-0.182918306809564,0.182662796275417,0.116390332623619,-0.0293555195753388,0.225368942504613,0.332018577350698,0.212134614530282,0.0427390082068251,-0.0172872547218136,0.11268129710308,0.234986445227271,0.267522439041322,0.167432642229999,0.0126835682140543
sub-26,-0.0884219639477957,-0.125374546500334,0.33900731365836,-0.105807058854433,-0.0231922828825426,0.0543611485018199,0.470678676036959,0.148313380120637,-0.0787282483225655,-0.0244792688425943,0.120415889277998,-0.465543898194902,0.221843614451386,-0.0931161646349599,-0.0194668886640181,-0.106932632602619,-1.31080573821828e-14,0.153555961386699,-0.12323087625389,-0.0240314966815051
sub-27,0.150579872421927,0.147505855545942,0.284926089745634,0.048089818515518,-0.0358810481933512,0.280275289867486,0.400276272186288,0.256873839959494,0.0823999448526946,0.0295301763830306,0.250689563802009,0.212751537206703,0.105051487564964,0.0857044530370817,-0.0376412260517593,0.302556125109508,0.238849850846018,0.395849111745819,0.24960884417696,-0.00644282398422724
sub-28,0.280975444056204,0.153371128005979,0.209105967049846,0.209581787340536,-0.0192117248194415,0.158010827902726,0.156955989598962,0.211575288570933,0.0815902984279702,-0.0227595515221654,0.0976429409299168,-0.164185723292388,0.37021051704025,0.0644495480400184,-0.0276023636399707,0.305932312219019,-6.60292460155789e-13,0.285017373237942,0.23546487504481,-0.0287363404769143
sub-29,0.476337612884162,0.341362728148491,0.437154247944715,0.169320605591213,-0.0636374476793856,0.236873039440062,0.310475693494927,0.362840454310395,0.24933460421806,-0.0247597620022489,-3.24561124455716e-13,0.223100290682479,0.365149983809352,0.145514117921619,-0.0312434775281335,0.392625846797508,0.374734579441182,0.285006543902216,0.199392414112259,-0.0347792824572818
sub-31,0.213774895246221,0.168529386317177,0.439637311371066,0.144283893169401,-0.0373958396558525,0.174273573480719,0.212618665641362,0.706369656612782,0.164838761502915,-0.0213025875541022,0.166902610503142,-0.158744748750596,0.252770747166288,0.0169155595914823,-0.0129000445766194,-0.170806308204214,0.499910312004722,0.37128574087249,0.196136624556978,0.0299558740416451
sub-32,0.307413261573103,0.387905287654525,0.263173353274893,-0.0651141522500956,-0.0249776249197883,0.157205719000845,0.295669922457793,0.190789157769635,-0.243152428672581,-0.0321703456621243,0.188866994983566,0.273557212032531,0.328706153601565,0.192273162105692,0.032855803382337,0.340006176945938,0.54605416872204,0.167730528611992,0.0834776258629728,-0.0209496312672487
sub-33,-0.151190677293668,2.0654876807312e-10,0.389236123913515,0.198341322447432,-0.024727862679599,0.20947050268331,-0.885061107357935,-0.327249699022249,0.271838652099703,-0.0549087583652952,0.16581621780878,-3.11911386517941e-13,0.111841478554181,0.163058536937604,-0.0500352986921156,0.16520363614627,0.439843616381408,0.153425045231183,0.0900826269964317,-0.03496282310615
sub-34,0.204856651314966,0.523240648365007,0.197495201580952,0.138067939235115,0.0318694948178725,0.159363654192613,0.326689192269992,0.218468985617616,-0.109460265806982,0.0426966601132573,0.370828303124446,-1.99156140014896e-12,0.375893609098164,0.134291508651035,0.0273968580297873,0.200251990007019,0.309893720298598,0.120622469683462,0.212655040660401,0.0265557430447911
sub-35,-0.16562673228876,0.354400593073184,0.248528633691385,0.0915945425243482,-0.0685346151828931,-0.0902592603765712,-0.138050753412148,-0.227774767427787,-0.134775572656025,-0.0180609135695539,-0.340545337938076,-0.402137752162421,-0.135081216767211,-0.125845477904054,-0.0230413866121923,0.650743800009293,0.197933070208649,0.165792147373544,-0.0992251417034378,-0.0419381944978182
sub-37,0.192264215536145,1.79337532563668e-12,0.441428977536301,-0.0390822571249147,-0.0223599987925085,0.281427501372293,0.193279586853252,-0.153628937751708,-0.134688795013276,-0.0394324798964628,-0.135239780225214,0.380623363805307,0.4796175831249,0.0644157871827097,-0.0100599482503043,-0.254638806516115,0.1896496462668,-0.139892189405104,-0.171088780907599,-0.0229504715175438
sub-38,0.0579786815318019,0.391934356263105,0.289191574497541,-0.12354388119029,-0.0284197333628063,0.280698219224199,0.398308166905488,0.210017814527624,-0.0450041285314279,-0.0297233132950031,0.249408237506513,-0.125388028260011,0.306761980874435,-0.0735953004482366,-0.0440592363638386,0.195559756759687,1.48117331328733e-13,0.354154673333261,-0.109771123832001,-0.0207308510459312
sub-40,0.204383466355911,0.420429147245784,0.424076528433701,-0.0982538214297062,-0.0799787519217777,0.207671977417765,0.44694216312982,0.264184220429524,-0.217820356145239,-0.0509270085128878,0.177795831477912,-0.113426359587512,0.108558185840323,-0.157324175565067,-0.0340724433603724,0.1704828733673,0.0846050269756125,0.169177483184826,-0.161658260259622,-0.0517406768049725
sub-41,0.194710088725121,0.0912824886156511,0.409270746022713,0.155447251627764,0.0133718909011402,0.350878084300065,0.274799621051575,0.209685311615046,-0.115620884800285,-0.00823949177460862,-0.226520156555769,-0.397371877370748,0.251231139092393,0.150194914038131,-0.0136010988724725,0.215438924917137,0.270539487533366,0.190399151347292,0.117879941878102,-0.0246737471758306
sub-42,0.389140447272419,0.34405844674041,0.996929800741634,0.276354744848515,0.0150874383395225,0.238127429647131,0.64354789086339,0.355405997686945,0.378847799796411,0.0588330019506954,0.264468392943897,1.26615475046849,0.694559996600496,0.347124079304698,0.0301862744847799,0.262028547980558,0.567519450343213,0.138299662756077,-0.283194290883583,-0.00377312465962415
sub-44,0.340363203182316,0.157057740982073,0.335968194585228,0.20505570855055,-0.043965834444826,0.245779884687935,-0.226885788834935,0.23436661766525,0.374436099321688,0.0432994845302621,-0.32383695385061,0.254304823514043,0.269396352765656,0.334347532377844,-0.0611532111488187,0.663638378877281,5.09739259035703e-13,0.0870417576849729,0.415930086140409,-0.0567934452471726
sub-46,0.218642931800689,-0.242994969371265,-0.252351535933146,0.134204671817892,-0.0555945259264148,0.152244267283366,0.258415656076004,0.292298688833015,0.09474741768877,-0.0180812558564451,0.121162761988886,0.390630656915531,0.331271666143425,-0.0312055484944714,-0.0211165704361878,0.0804287123163753,0.143390635316295,0.123727777818122,-0.0612930019107974,-0.0174449071276031
sub-47,-0.215265913903869,0.151911810429918,0.317887298932663,0.199442530263804,-0.0508186918747823,0.0792967692423839,0.111362504355622,0.22427659825793,0.253456854706375,0.0297255689448699,0.214448933905673,-0.26117334145488,0.489735429259052,0.24006461178504,0.032976797882043,0.225316985913628,0.973416492580284,0.520566397819917,0.106937510079231,0.0398642158514652
sub-48,-0.347598431092541,0.260773390715549,0.18292765185565,0.126894141459752,-0.00536707820032373,0.112157680263796,-0.244412596911469,0.115695177736348,0.136648758486403,-0.0296826807250565,0.301895138823403,0.438302579194008,0.255596531560076,0.20374720517283,0.0387126794766081,0.43339534707626,0.3099673219185,0.143693108841519,-0.131237649700038,-0.0157558492941398
