ID,vis_noRem_1,vis_RemnoI_1,vis_RemI_1,verb_cov_1,GV1,vis_noRem_2,vis_RemnoI_2,vis_RemI_2,verb_cov_2,GV2,vis_noRem_3,vis_RemnoI_3,vis_RemI_3,verb_cov_3,GV3,vis_noRem_4,vis_RemnoI_4,vis_RemI_4,verb_cov_4,GV4
sub-06,0.273987302268563,-0.114624802257608,-0.137171342162205,0.17154929698725,0.015740696609485,8.13507037162342e-13,0.0930692821349227,0.217925272174675,0.0802265330709706,-0.00728743197821709,0.136018941043009,0.31649603700813,0.227654174490987,-0.162889838764942,0.0128467421804042,0.18785701869331,0.234230935822787,0.158260052443959,-0.105680662873957,-0.0214211417033553
sub-12,-0.187533053193891,0.0979336322985116,0.399847038646837,0.0975081577491815,-0.0449026035128736,0.158794045770754,-0.282967446709697,0.0941219226122068,0.165397937199017,-0.0295434876494463,0.22049575061058,-0.110232461923023,-0.305250310242793,0.145841671565377,-0.0328340282820032,0.59954931281022,0.466628994843409,0.197399689010464,-0.071490957139151,-0.0276855748529714
sub-13,0.132233969497807,-0.0925631190910105,0.0686234312216603,-0.0371999508262572,-0.0182675552669891,-0.078201563251546,-0.136522079235959,0.166929233140248,-0.0995776104134736,-0.0317278766576555,0.104411761064506,0.203979496182423,0.305327194504414,0.176147552418552,0.0309023049754201,0.172340552305469,0.230688371129956,0.246395170196456,-0.0316562569645145,0.0155275274525524
sub-14,-0.154649704666931,-0.233233933150588,0.219677341825764,-0.101008994008098,-0.0158277413011552,0.0659160198336078,-0.267103784938939,0.134356679479322,-0.0864613850784318,-0.0199771646343888,0.229238675920378,-0.14318356043012,0.179488096892821,0.162483645523667,-0.0055558941656737,-0.405536940017626,-0.30814348390694,-0.156607924645296,-0.266904781292805,-0.0440012039174896
sub-16,0.173662323443608,-2.50447538633703e-13,0.189428026069668,-0.0423518244421662,-0.00981184417233152,0.41637042609102,0.290891505857378,0.201809255109545,0.0911229270832105,-0.0197434679310585,0.278908145751021,0.138610992705882,0.243476292724398,0.0834894715087792,-0.0229764721282193,0.404765719237451,0.0757104947094309,0.188758930403779,0.200887778430914,-0.0111292420980581
sub-17,-0.259010746422523,-0.372499913728365,0.260615944513717,-0.09468446993232,-0.0363305495277278,0.343950085518727,-0.270211784433338,0.252317116673897,0.0550911790477982,-0.022184293369413,-0.191415380222439,-0.299955648790631,0.0604958832763185,-0.254897237514459,-0.0259017471909534,0.20192127226804,0.241512218449334,-0.220286920810706,-0.16931779795677,-0.0140876768655497
sub-19,-0.0881152225438794,-1.74026196193909e-12,0.15384188322524,-0.0940156772056201,-0.0406543323308833,0.209583618371801,0.113124152899982,0.151989029845375,0.0796391735432358,-0.0268301721807136,0.135842499328276,0.170474143405523,0.142632895330459,-0.0648511944384326,-0.0224102133833044,-0.0943442485038487,-0.134108751105704,-0.174724727766638,-0.11441301461484,-0.0131588981997324
sub-20,0.15542340368605,0.202187313868128,0.298353381015647,-0.118451182275942,-0.0566325214283789,0.222921404684805,-0.12379682018357,0.370829628122249,0.119085400312084,-0.0152741454479727,-0.0651763245934521,0.09997213052847,-0.120695380489055,0.0289492208418271,-0.0240009101852073,0.143567591127234,0.181520927709864,0.221919879009651,0.11408248476964,-0.0386366744771618
sub-21,-0.179388025744984,-0.652150732430458,0.586739888247474,0.0748726720662678,-0.030352637843596,0.106027220524579,0.369857945500858,0.0896119653685751,0.223199893054098,-0.0106196298505771,0.0755549777645073,0.221227486305897,0.231238875749915,-0.0812664446322436,-0.0440279182646512,0.0805782113646134,-0.389360419906786,0.265696159785344,0.142712119787621,-0.024853662802882
sub-22,0.082893524344323,0.223821133087059,0.0814081928391853,-0.0963241472914884,0.0168693147717383,0.0702521327677093,-0.392786721084652,0.209543471893466,-0.0719939560721477,-0.0362743481853964,0.0383582549331812,0.346567740753595,-0.1326226868294,-0.0936593046378213,-0.0433202546472508,0.229513995344868,0.165470682954483,0.213924882196047,0.26017362972875,0.0212957870246603
sub-23,0.109673126974367,-0.496232854048163,0.209681823222632,0.157386832593399,-0.0292911464113432,-0.13466416524322,-7.95329301113301e-12,0.232962007342197,0.113362642185513,-0.0283521350926272,-0.39094208087228,-0.15765292918794,0.427305500790876,-0.0765084849332918,0.0265018816741224,0.165574006346113,-0.276393152867172,0.121629679504787,-0.0563250098964871,-0.0232945714731159
sub-24,-0.0116542818459869,0.140940354394951,-0.0459952863347512,0.0941434183043151,-0.021084283544882,0.158276726403768,0.205280675855678,0.253716291563423,0.147063955210945,-0.0210592164773954,0.137889791282131,0.432381104973864,0.170587485348851,0.136950199403453,-0.0138490967512431,-0.0624909595483257,0.455026463644512,0.169611481118604,-0.0905105201136299,-0.0281489283223978
sub-25,0.113482128681421,0.240284811712916,0.135191395283361,0.145845255842555,-0.0323585971071171,0.201778459532512,-0.168223818596232,0.159021978283589,0.156635546363872,-0.0292836508016774,0.125380655488732,0.133131932341847,0.141912837015694,0.0460287880605762,-0.023026190292079,-0.0514722857974796,-0.11407705072942,-0.0536958014135442,-0.108383128037513,0.0253979095646017
sub-26,-0.0755496465779272,-0.1068245393782,0.0909395960218501,-0.137929460187597,-0.0132977137264012,-0.0656526693318852,-0.249043284154864,0.120731266530273,-0.227434844650276,-0.0342333217935288,0.0790003286342834,-0.199132857609569,0.116489971570083,-0.0529936363619678,-0.0107186077313468,-0.109305352498252,-2.16115159222561e-14,0.0977910797969046,-0.100479014929619,-0.0186208711584962
sub-27,0.132493067471188,0.106813803024569,0.15143809848314,-0.109753489316518,-0.0416171039041451,0.226212341775908,0.395443943739847,0.144099977594369,-0.0372472363489888,0.0177019101580977,0.155248397983981,0.19243544981714,0.102318273198376,0.0702432892421418,-0.047008905408258,-0.124639799036513,-0.0385457293689295,0.156868498521916,0.154310087624657,-0.0174888815616885
sub-28,0.135997922403744,0.105811142144271,-0.0690394117054969,-0.0363430516064205,-0.0296365453257112,0.077982736260234,-0.106586686932794,0.148375733700915,0.0574984917956079,-0.0396562680479803,0.0959653202801901,0.17990536393805,-0.153919569995943,-0.0907150883508118,-0.0293075510777389,0.144596924673517,-2.11893044116561e-13,0.144729706593484,0.0500089856388551,0.0161698317274869
sub-29,0.333218780460313,0.167842850760954,0.258706446532833,-0.0875656029277009,-0.0164697875021192,-0.0742865701747315,-0.0408610558817593,-0.036218207941141,-0.132247505024175,0.0232186607694025,-3.42169881468911e-14,0.214716536854843,0.271578124877887,0.127074347359607,0.0105792416077198,0.154996099665518,-0.299101488545909,0.142187103948092,0.112371038145422,-0.023687698030254
sub-31,0.122498597112875,0.125186107176364,0.184200290069377,0.104993404088828,-0.0165066244320666,0.0862101403066435,-0.234360654882193,0.406465161698987,0.0642966444462014,-0.0190337260588117,0.118648350815496,0.127876795998343,0.224159602488818,-0.0724692337083784,0.00556331220766858,-0.160513657697426,0.203374888525946,0.172112453974674,0.165011660910798,-0.00999965604883352
sub-32,0.346272478862388,0.355182216352188,0.229862417187964,-0.0695486511937366,-0.0299325993003021,0.129020115253257,0.151839521068455,0.0973995229579665,0.193936309456678,-0.0199712525856642,0.0897007655353937,0.165732446444257,0.156250813866989,-0.105355544828766,-0.0193751902413887,0.219078811675417,0.429464281616865,0.143470711164364,-0.0721120912286116,-0.0298888012250638
sub-33,-0.0974816731251724,1.05238785337348e-10,0.297813354505816,0.089035388055751,-0.020464475549804,-0.229005840781648,-0.728943063271288,-0.389007694325534,-0.160396759773499,-0.0553968833077928,0.113745221361118,-4.39128012382548e-13,-0.118418410146324,0.120726700689532,-0.0195212980492451,0.0988652268767381,0.272958878362519,0.113352902752815,0.0503500055895682,-0.0470987826450298
sub-34,0.108899897487012,0.540413953207185,0.296302881154654,-0.0900253668731029,0.0276086229377438,-0.0530255836088875,0.317124458619171,0.1490923028563,-0.0557010849367985,0.0196511827976202,0.253450181577703,-1.38557996314655e-13,0.246852019023573,0.070068662281548,0.0241220818605757,-0.0823282991031971,0.180229283527649,0.121742673199229,0.118199817541392,0.0137829262758808
sub-35,0.115993729854251,0.279459713764628,0.157885934100867,-0.0113936996675294,-0.0605340273033285,-0.190942172579095,0.04984630818726,-0.160414976195568,-0.127271855895106,-0.0210644632218523,-0.150777922228275,-0.203501232464526,-0.0221996847339117,0.0539183916133662,-0.00895114494400446,0.476881598369092,-0.160833984934981,0.18845592719361,-0.0832286749114392,-0.024802264140058
sub-37,0.0944117303805186,5.22031441150632e-13,0.176158510399773,-0.0543412777392311,0.0131612766492157,0.221104594378224,-0.157812362175459,0.219415720721847,0.0778700772941214,-0.0250038125433887,-0.0766975533898522,-0.201163383270237,0.318235945353983,0.0987945047935767,0.0175802636362762,0.0247339764174845,0.349871693382898,-0.206604165980982,-0.0895295654400473,-0.0170411369564698
sub-38,-0.0939620855856727,0.105004847249043,-0.268300928974571,-0.108924475971311,-0.0315572881645336,0.144820688822805,0.184246994258203,-0.090604842868285,-0.0985802147508799,-0.0156923838727073,-0.156949229645047,0.203014930053982,0.274416113639676,-0.0751004655403218,-0.0190224761791036,-0.0996643158642137,-6.10656520112949e-14,0.260478316073577,0.0644852798496374,0.00927105461665263
sub-40,-0.184759591612368,-0.117459804370186,0.25381486996741,-0.129219702391323,-0.0441078807819198,0.20678457202134,0.24427561885408,0.209894213789012,-0.171408378536509,-0.0126263383278068,0.147983893101582,0.125110667081557,0.0899215810518772,0.0294692728767349,-0.0218984581733703,0.12772500956129,-0.147687484130728,0.123339503489628,-0.0642514662243045,-0.0540232784297987
sub-41,0.172383579091266,0.143827949798402,0.311607719561141,0.0511044501840497,-0.0159746010613035,0.334668261314057,0.24898778192385,0.16978458099114,-0.103056631588493,0.0270382354178962,-0.104507674862762,-0.156008772113185,0.184549806957834,-0.108666878660547,-0.00734419798573675,0.0697319891981872,0.184707573743977,0.0777408662465832,0.0701095208753453,-0.0208127178099169
sub-42,-0.186552423791776,0.208728779636423,0.566563235273327,0.089154230188411,0.0353998750699043,0.212049346449077,0.282995689277912,0.186139538898739,0.138986980461635,-0.019682727846395,0.188945414756692,0.450164048668357,0.330629631192653,0.256496983116224,-0.0182543084315769,-0.0881911291634228,0.264759434537768,-0.126724759446409,-0.146083696821705,0.00760569291687224
sub-44,0.220838273127541,0.123921061690103,0.364857596525271,0.0866345242047105,-0.0507092545542161,0.176315286234932,-0.223141287843156,0.194487634999891,0.364082808270307,-0.0417748508371136,-0.482813400333043,-0.33286562260717,0.0843030836779138,0.15672915288632,-0.0509283319795063,0.174619703025689,-2.32491535705472e-13,0.0856239254477069,-0.198468263950679,-0.0339619707779177
sub-46,0.0959990983830624,0.147478329818064,-0.12422070521679,-0.0381154754184604,-0.0152594070834092,0.146120218596526,0.195611699502013,0.248489602855057,0.056326936575372,-0.0161088064723475,-0.0900703957932543,-0.253378552995668,0.129189142823276,0.0672631348012513,0.0106285843820104,-0.0659619573813859,0.106302484128724,0.0854466731645884,-0.0793307917445515,-0.0094838808876318
sub-47,-0.203430327853284,0.130975186209261,0.0857822965232425,0.36339991802659,-0.0221820874634584,-0.0810285149809035,-0.242877917276459,0.141871490163838,0.0789471126241289,0.0269999748790421,0.0989274881148077,-0.265753262363122,0.225102547996867,0.111510891002245,-0.0222124586139454,0.15563305476977,0.546186300848535,0.374025541442168,0.0972379958601027,-0.026348074709976
sub-48,-0.154753068254477,0.221025651780661,0.160786278339191,0.0385210082010055,-0.0269929123506273,0.175785787463243,-0.0533085920765534,0.148780968117911,0.0363132805694351,-0.0247342172839012,0.338021680859413,0.442549536654837,0.187761813810576,0.158382244979081,0.0136800316590665,0.442447529962081,0.203970178254826,0.140717944575881,0.0397290256368093,-0.0292473505207375
