ID,vis_noRem_1,vis_RemnoI_1,vis_RemI_1,verb_cov_1,GV1,vis_noRem_2,vis_RemnoI_2,vis_RemI_2,verb_cov_2,GV2,vis_noRem_3,vis_RemnoI_3,vis_RemI_3,verb_cov_3,GV3,vis_noRem_4,vis_RemnoI_4,vis_RemI_4,verb_cov_4,GV4
sub-06,0.182044549475596,0.0726529147605174,0.175572857921145,0.108968838723236,0.00766253236127618,5.12638440791564e-13,0.0992834372290055,0.208074933928333,0.0855293902578517,-0.0176579879136829,0.117013237567224,-0.184248589208145,0.15989031080667,-0.165079002153098,0.0157043406387873,0.188997868057902,0.184503850162345,0.0950451960110461,-0.0818528877893138,0.010721839296209
sub-12,-0.188323113244655,0.30551282896581,0.32304518338051,0.122452480237433,-0.025346701094676,-0.190430109966644,-0.273312012154901,-0.131432008560631,-0.0713855112946559,-0.0234699260490562,0.270157886293591,0.118581260005959,0.324117283961217,0.129402246143547,-0.0275044331174322,0.465542047722579,-0.160927905346684,0.131434692179826,-0.0727201337196348,-0.0492159706367983
sub-13,-0.174478641086017,-0.137301180224367,0.0762539863361064,-0.0627661333308988,-0.00303344588567726,-0.165518495812761,-0.338052767508071,-0.116155932319098,-0.0894080646493029,-0.00609549631981944,0.18524958045483,0.0994207969340047,0.227633210954791,0.139958886363249,0.0313038314237289,0.216967061016072,0.423976646006779,0.230731980879154,0.293478174184264,0.0526671481116458
sub-14,-0.0548356004521082,0.424780353897884,0.205652026704173,-0.137217662016292,-0.0233358554715724,0.0692633188917766,-0.414690730846587,0.117882591275436,-0.0942429988555792,-0.0147415543339816,0.232050064084641,-0.124730341201715,0.19824217134471,0.124508778277844,-0.0200117191253772,-0.188111315213294,-0.330863609665829,-0.209956275405832,-0.180490670031534,-0.0295755293146929
sub-16,0.0781276037210949,4.1171147352458e-13,0.114846945881715,0.146526724629257,-0.0142788163195437,0.317430785740323,0.344766981962891,0.211567403857439,-0.0738915382582507,-0.0245224083115126,0.194677140345067,0.187522235498866,0.253038028108674,0.123212138038143,-0.0233283359191665,0.350102269288944,0.0739463362473834,-0.226831702785613,-0.0809119472217955,-0.0229285484635573
sub-17,-0.376979443977519,-0.230888303930473,0.298539150978837,0.0597200519096427,-0.00751922075520595,0.268973663719024,-0.355673637550198,0.299337041867154,0.187378423608622,-0.0196405858247507,0.0894316171528623,-0.179405327503737,0.105974181165211,-0.259758538201444,-0.0377587417005488,0.157008061653843,-0.172187963924675,-0.123970008446169,0.0918062627911657,-0.00809702125471048
sub-19,0.0576995597436743,-1.31236418244333e-12,0.249230105852859,0.0791495826119972,0.0200182505760385,0.160041972952295,0.0746982692221268,0.202786278346694,-0.108717349040828,-0.0182054048316181,-0.135847796841051,-0.0792115241502235,0.116853536917375,0.0722567955991282,0.00370339399929041,0.0817299799327072,0.157690630407414,0.104870157515683,-0.0224671962449605,-0.00832781483009146
sub-20,-0.0647354344252903,0.18621796583555,0.0668480692484402,-0.140393706677358,-0.0248202124776701,0.170547465090804,0.0958994238598382,0.222448521560032,0.073151696061664,-0.0189124541696342,0.215036552723577,0.0774344410529908,0.13166012086634,0.125449371380748,-0.0360823746710017,0.0555002283178078,0.221635102625025,0.276285871543599,-0.0471310832332054,-0.0281766348166712
sub-21,-0.189411075237295,-0.447954253198561,0.324760648770904,-0.0743490514096599,-0.0187930474342689,0.181261333851469,-0.245135000901,0.169397576638398,0.183172737477135,-0.0108044076652404,0.0513270170841137,0.201435323892543,0.281513836622412,-0.0408996286905026,-0.0380505429949035,0.206304161897595,0.204941394740701,0.218280082070218,0.0603284251989139,-0.0135601435614955
sub-22,0.189737441543097,-0.214363304793087,0.243777173306524,0.139394787788902,-0.0229885198718411,0.110432149031951,-0.24491791821028,0.228408077388955,0.0864111659278146,-0.0261689721099797,0.283176885931397,0.412778723049573,0.281493236912365,-0.152189630044252,-0.0265476536416592,0.168347311952141,0.34965544207964,0.226330793629653,0.127140641253741,-0.0181073418301868
sub-23,0.102816795756875,-0.206645656597213,0.177131213700361,-0.0633186361279129,-0.0202923990488373,0.188782254110076,2.10517010751444e-12,0.315034984951555,-0.0921170563455173,-0.0266295711386722,-0.148777368044669,0.0704280430676044,0.434031974663826,0.0917365063589573,0.0169964762884726,0.131770055497385,-0.273970897045538,0.161023955214399,-0.142608561202392,0.0426151693899052
sub-24,0.0283108274508713,0.0995294116166875,0.0605565417912109,0.0621167285767059,-0.0124213306961975,0.16824565463522,0.175765130259144,0.225919799159123,0.190646256665319,0.0143797150556765,0.189752107159002,0.396661407861767,0.154835283828846,0.0749977271080347,-0.0290077812577323,0.129926351163158,0.516220791283401,-0.107474848136539,0.0975630318271284,-0.029328711705551
sub-25,0.270691571136374,0.103745779001929,0.184196767739744,0.094855346411747,-0.0259391576281559,0.0944153409555249,0.366806016394387,0.116071865967314,-0.121957541995297,-0.00937801250672241,0.178670585876847,0.169276319773862,0.189726175558613,-0.0426688034089338,-0.0193093344889874,-0.110530991182692,-0.112363640179261,0.0575733754981703,0.12766691221916,0.0407202033316997
sub-26,-0.100019970730192,-0.0783994627404631,0.109548003939943,-0.107526156439547,-0.0121474445592806,0.234667759418881,0.354008410344741,0.194853915116294,-0.0823781984657462,-0.019180734083805,0.121787124810599,0.341059325064311,0.323172784724356,0.0932823519844605,-0.0251446721328243,0.127465082173894,4.62880523903898e-15,0.194356000290833,-0.0246716486148578,-0.0141252526874982
sub-27,0.0723170474224703,-0.108951006742982,0.105026452054469,-0.170841444260416,-0.0264357259787048,0.273073309368188,0.411574132942091,0.233263014570449,-0.0658416782474088,0.0291862726302086,0.163174512072474,0.117098447299972,0.139011812416173,-0.0961520919012978,-0.0344434492200604,0.0698666523412242,0.115955132197127,0.226856672104903,0.0341252538799508,-0.0149852542621205
sub-28,0.0979450634116838,0.168528247289464,0.0732263787261877,0.0790046681962727,-0.0197171024098373,0.169988405994784,0.194834461837914,0.218330047408938,-0.0627823999083593,-0.0219791289759006,0.0661122044333926,0.0502312275338591,0.0780290522296055,-0.109437807434385,-0.0254991740441307,0.102676936136917,4.79385003099006e-14,0.184760082795701,-0.0720378041986175,-0.0107559399642732
sub-29,0.276096720462555,0.17817962577836,0.159509229944664,0.0742953777301663,-0.0408718967365578,0.103349434180198,-0.0717243060437436,0.0827059664184261,-0.0814543853963778,-0.0189442423794651,-1.65169150349367e-13,0.130286906778428,0.217374929996604,0.163855837772847,0.0162632255505052,0.158650229513617,-0.357885444393749,0.248431342889325,0.0616776718481103,0.0189836343651418
sub-31,0.0604739540095419,0.137750300680359,0.106388331721861,-0.12399811530944,-0.0228064174896098,0.0645983566527665,0.275249566997622,0.36269023489741,-0.0707809157629711,0.0126179238351208,0.121446537862667,-0.304492806460879,0.197736302232856,0.0172686243546495,-0.00869755918140703,-0.233038819423872,0.257751330720355,0.264489709550998,0.0926947140478567,0.0162723012130073
sub-32,0.276219210363312,0.171739780506864,-0.0771747734504663,-0.0741996401225506,-0.0143567895735042,-0.123769562551915,0.16375330879291,0.0295895046674621,-0.120042191423662,0.024551158473524,0.122174394570106,0.114943824455026,0.243870494637806,-0.17363906841951,-0.0119065131457115,0.277376824609382,0.321604137476536,0.167621446712742,-0.101674189819045,-0.0101835976031081
sub-33,0.158578105290791,1.79770534288498e-11,0.26598081743905,0.117015695923849,-0.0199768361362967,-0.119026058353088,-0.474372528840816,-0.270120298171883,0.215164515203205,-0.0520353358644192,-0.019562294731652,-8.0953198244577e-13,-0.107125087360753,0.0975902841447936,-0.0104177885121503,0.108018270741619,0.209708896406077,0.0953555209291754,0.081011035457962,-0.0396534513627089
sub-34,0.0676191013414557,0.309918394132731,0.0988395200486402,-0.178336760316559,-0.00740352239954233,0.136661345663543,0.377816821558744,0.35402809948572,0.0656486895163964,0.0307541588104106,0.17100931481412,-1.34769861139862e-13,0.2269821361445,0.0646859630188358,-0.00791282734075847,0.125679307500187,0.12701257498367,0.106953560352452,0.075509622299154,-0.0200482094188828
sub-35,-0.141550423466878,0.193186443703172,0.0889216278293208,-0.0715828313407067,-0.0408423095127729,0.132500603184177,0.0410561127159953,-0.181499590821487,-0.0513937535566275,-0.014072895062299,-0.116397772827814,0.173728281213579,-0.0553113120959083,-0.0631556233116396,-0.00847512115813379,0.355763103796029,-0.184710558177343,0.13441039324595,0.113375336593083,-0.0172645974287595
sub-37,0.156045608364143,9.44674143455943e-13,0.42484927425372,-0.108391576319327,0.0104827298243782,0.265155007773351,-0.119666809430447,0.188957426212756,0.0544304255337908,-0.0227581840480347,0.155912479720704,0.17863904507605,0.334918504357859,0.0816950425385392,-0.0166904880151277,-0.0577807032392787,-0.326691557243809,-0.168916262343274,0.0419726842800031,-0.00429864981395565
sub-38,-0.0693168653225338,-0.116144457761007,0.0898813367563382,-0.119181822873114,-0.0208542651077468,0.190571651325825,0.332291642724663,0.165438154213882,0.0685376347539544,-0.022621726226076,0.145695505094781,0.177468803459938,0.152295007324816,-0.128198434094344,-0.0248602427096078,0.141638799285026,3.0883548353868e-14,-0.0647927511595029,-0.0941691684687899,-0.0136423156653231
sub-40,0.273921983423557,0.196248924691685,0.406497058545988,-0.126974705573912,-0.0213179104316178,0.277070197051467,0.203893389151483,0.334935091369965,-0.127691385074248,-0.0314159578666634,0.262758866410833,0.205881051333501,-0.0506738253339558,-0.129517358785044,-0.0292425709696407,0.152876798974335,0.132943435174782,0.177962621355689,-0.0891194731254564,-0.0211914252360487
sub-41,0.112921745967866,0.342325400383736,0.10162253483965,0.0560745918504222,0.00743240031047402,0.439271717935914,-0.172766964895667,0.260891369956119,-0.0662892109514251,0.0146923542993044,-0.0354023491761014,-0.255958016868213,0.248608600687825,-0.113832368541119,0.020498385513904,0.170442535522795,0.212289109764289,0.422691736975442,0.102343042300504,0.00727711267931041
sub-42,-0.0877833906721831,-0.0469843396050063,0.223583901114385,0.0921260581231522,-0.0159674228093349,0.131678207615189,0.23310489792645,0.154863803853161,0.161319652830523,-0.0187432050737839,0.168042710473554,0.484346262817676,0.399943398899908,0.23217929514214,0.02562817759952,0.0349639253843667,0.235490502960616,0.176451996635804,-0.203690657779307,0.00614080537204721
sub-44,0.282199396139981,-0.0667859574404957,0.188974065735038,0.0733322961595313,-0.0259139454370353,-0.123199879063995,-0.163518724233194,-0.141808800423344,0.243533641345125,0.0481792195434414,-0.044022631296224,-0.0968237298867068,0.207903595389488,-0.125184639546576,-0.0343180153959891,0.34360249147603,-1.77540772950922e-13,-0.0446875951272714,-0.151580407573031,-0.0379872005630713
sub-46,0.0568363851896608,0.0512209729644088,0.136929052057339,0.0723381562034778,-0.0142706988657974,0.140438768894494,0.22427517346843,0.172055508640719,-0.104377525052622,-0.013733307452054,0.130240133918902,0.167032723732381,0.0737314395581984,-0.0559392900471718,-0.0112879915641455,-0.0879590962166201,0.157977063660744,-0.0592686498670219,-0.111091656507925,-0.00681977111103779
sub-47,0.0473668669749932,0.238614685944767,0.237245573545135,0.228798335258733,-0.0268315290209427,0.185666222367143,0.462514227667517,0.232010270879942,0.143230714971555,-0.0275474668636897,0.149326618193303,-0.146212234837776,0.172659995163623,0.17361739225203,-0.0301283067680466,0.132085821857526,0.341993309761132,0.268316682629107,0.098186559093337,0.0213908737810907
sub-48,-0.141244968839726,0.186142349664827,0.218286392196724,0.0496452376164219,-0.0134023652610331,0.160649050675601,0.126090885904795,0.14565142638713,0.0595869363155885,-0.00602053439275933,0.294406051662236,0.338457588886494,0.227463099563619,-0.0658134035587512,-0.0155343455766519,0.303320550747296,-0.10931518998798,0.128792238066422,0.0391786591047165,-0.0307733466291458
